1.67584991131
0.18196006173
0.16503372157
0.18196006173
0.02548923660
0.02161681670
0.16503372157
0.02161681670
0.01865920229
0.18196006173
0.40623642627
0.28413490809
0.02548923660
0.07070908027
0.04932900540
0.02161681670
0.05643622325
0.03939500447
0.16503372157
0.28413490809
0.26762349279
0.02161681670
0.04932900540
0.04653353670
0.01865920229
0.03939500447
0.03713774387
0.18196006173
0.02548923660
0.02161681670
0.40623642627
0.07070908027
0.05643622325
0.28413490809
0.04932900540
0.03939500447
0.02548923660
0.07070908027
0.04932900540
0.07070908027
0.32113299730
0.23108612705
0.04932900540
0.23108612705
0.16828060985
0.02161681670
0.04932900540
0.04653353670
0.05643622325
0.23108612705
0.23260131026
0.03939500447
0.16828060985
0.17369769276
0.16503372157
0.02161681670
0.01865920229
0.28413490809
0.04932900540
0.03939500447
0.26762349279
0.04653353670
0.03713774387
0.02161681670
0.05643622325
0.03939500447
0.04932900540
0.23108612705
0.16828060985
0.04653353670
0.23260131026
0.17369769276
0.01865920229
0.03939500447
0.03713774387
0.03939500447
0.16828060985
0.17369769276
0.03713774387
0.17369769276
0.19070943237
