Basis set
Shell:( O={0.0000000000e+00,0.0000000000e+00,0.0000000000e+00}
   {l=0,sph=0}
  1.3010701000e+01 1.6349038092e-01
  1.9622572000e+00 2.7735155096e-01
  4.4453796000e-01 3.1575014521e-01

Shell:( O={0.0000000000e+00,0.0000000000e+00,0.0000000000e+00}
   {l=0,sph=0}
  1.2194962000e-01 1.4707722622e-01

Shell:( O={1.8897161646e+00,0.0000000000e+00,0.0000000000e+00}
   {l=0,sph=0}
  3.8354936737e+01 4.4139562619e-01
  5.7689081479e+00 6.9346015590e-01
  1.2399407035e+00 6.6413353746e-01

Shell:( O={1.8897161646e+00,0.0000000000e+00,0.0000000000e+00}
   {l=0,sph=0}
  2.9757815953e-01 2.8715136315e-01

Took 6.5428000000e-02 seconds to get AO Ints
S
1.0000000000e+00 6.8479982475e-01 1.9704930179e-01 4.7163882973e-01
6.8479982475e-01 1.0000000000e+00 2.5711892614e-01 6.3545923861e-01
1.9704930179e-01 2.5711892614e-01 1.0000000000e+00 6.3415177025e-01
4.7163882973e-01 6.3545923861e-01 6.3415177025e-01 1.0000000000e+00

h
-1.4585922150e+00 -1.1447550253e+00 -6.8936773160e-01 -9.8200760142e-01
-1.1447550253e+00 -1.2348985928e+00 -8.3824482148e-01 -1.1301822437e+00
-6.8936773160e-01 -8.3824482148e-01 -2.4094369606e+00 -1.8810560408e+00
-9.8200760142e-01 -1.1301822437e+00 -1.8810560408e+00 -1.8030573315e+00

AO 2body integrals (chemist's notation)
0: [00|00] = 8.9714135725e-01
1: [10|00] = 5.0459026619e-01
2: [10|10] = 2.9992434741e-01
3: [11|00] = 5.0726748011e-01
4: [11|10] = 3.2393419145e-01
5: [11|11] = 3.9404451354e-01
6: [20|00] = 1.2875882892e-01
7: [20|10] = 7.9908981570e-02
8: [20|11] = 9.0491812905e-02
9: [20|20] = 4.1728140415e-02
10: [21|00] = 1.4060447929e-01
11: [21|10] = 9.0730511402e-02
12: [21|11] = 1.0943969687e-01
13: [21|20] = 5.0551600885e-02
14: [21|21] = 6.5440542186e-02
15: [22|00] = 5.1993891420e-01
16: [22|10] = 3.4204573740e-01
17: [22|11] = 4.2199296706e-01
18: [22|20] = 2.2505295374e-01
19: [22|21] = 3.0146248679e-01
20: [22|22] = 1.5430212156e+00
21: [30|00] = 3.4816709301e-01
22: [30|10] = 2.0702546745e-01
23: [30|11] = 2.2352837202e-01
24: [30|20] = 7.1283118789e-02
25: [30|21] = 8.2370787267e-02
26: [30|22] = 3.2338761555e-01
27: [30|30] = 1.5977314491e-01
28: [31|00] = 3.3577428884e-01
29: [31|10] = 2.1372847998e-01
30: [31|11] = 2.5761518622e-01
31: [31|20] = 8.2345677256e-02
32: [31|21] = 1.0374603602e-01
33: [31|22] = 4.2223076253e-01
34: [31|30] = 1.7061617545e-01
35: [31|31] = 2.0868720348e-01
36: [32|00] = 3.2548625024e-01
37: [32|10] = 2.1290672937e-01
38: [32|11] = 2.6271680819e-01
39: [32|20] = 1.2475555299e-01
40: [32|21] = 1.6597525144e-01
41: [32|22] = 7.8494871844e-01
42: [32|30] = 1.9592293985e-01
43: [32|31] = 2.5527804714e-01
44: [32|32] = 4.2674585804e-01
45: [33|00] = 4.7937962369e-01
46: [33|10] = 3.1143812536e-01
47: [33|11] = 3.8824723973e-01
48: [33|20] = 1.4341720821e-01
49: [33|21] = 1.8886589348e-01
50: [33|22] = 8.0343420511e-01
51: [33|30] = 2.6622807741e-01
52: [33|31] = 3.4708065367e-01
53: [33|32] = 4.7588057371e-01
54: [33|33] = 6.1553901612e-01
Transformation to (canonical) orthogonal basis took 2.3900000000e-04ms 
h
-2.8653523397e-01 -8.7877712182e-02  4.4424177289e-02  6.5664537308e-02
-8.7877712182e-02 -6.4114044770e-01 -2.6765302908e-02 -3.6245564720e-01
 4.4424177289e-02 -2.6765302908e-02 -1.7330424977e+00 -5.9686501401e-01
 6.5664537308e-02 -3.6245564720e-01 -5.9686501401e-01 -2.0017366466e+00

MO Integrals
4.0379051794e-01
-5.7947566018e-02
9.6650878362e-02
4.1850167585e-01
-3.3825779704e-02
5.0232508954e-01
-9.6848248963e-02
6.2675222997e-02
-1.1174561545e-01
1.1965243170e-01
3.4946499969e-02
-7.9064377827e-02
-2.6786024360e-02
-6.1223635457e-02
1.1795461348e-01
5.2653187905e-01
-1.1930821080e-01
5.7286759906e-01
-2.2053569226e-01
7.8435534975e-02
8.1628837593e-01
-1.0008644025e-02
1.5064762535e-02
2.6215900252e-02
2.1408152523e-02
-5.0826371005e-02
-2.7831888091e-02
4.6393019311e-02
7.0698247323e-02
1.0813997516e-02
1.1247315370e-01
-7.0435310468e-02
-1.4978052718e-02
1.6098413462e-01
-5.7618619298e-03
9.2525729269e-02
8.0526410757e-02
-1.2827401188e-01
3.4935814019e-02
-1.0500749580e-01
1.3374996711e-01
1.8602785666e-01
-3.6100924903e-02
-1.4839052343e-03
2.1104165743e-01
4.5910297750e-01
-6.4276179690e-02
5.2313410870e-01
-1.3823383413e-01
1.2232373467e-02
6.5762601939e-01
2.0049621962e-02
1.1867543441e-01
9.2550090594e-02
5.9835903248e-01


----------------
Making packed CI matrix took 3.8730000000e-03ms.
Printing CI matrix:
-7.00679e-02	
0.00000e+00	-7.00679e-02	
-1.95475e-02	0.00000e+00	-9.68911e-01	
0.00000e+00	-1.95475e-02	0.00000e+00	-9.68911e-01	
-2.36124e-01	0.00000e+00	-4.57220e-01	0.00000e+00	-1.29920e+00	
0.00000e+00	-2.36124e-01	0.00000e+00	-4.57220e-01	0.00000e+00	-1.29920e+00	
1.79651e-01	0.00000e+00	7.90644e-02	0.00000e+00	-1.08140e-02	0.00000e+00	-3.26139e-01	
-0.00000e+00	0.00000e+00	0.00000e+00	0.00000e+00	0.00000e+00	0.00000e+00	0.00000e+00	-1.47707e+00	
1.64170e-01	0.00000e+00	6.12236e-02	0.00000e+00	7.04353e-02	0.00000e+00	-1.86048e-02	0.00000e+00	-1.23947e+00	
-0.00000e+00	0.00000e+00	0.00000e+00	0.00000e+00	0.00000e+00	0.00000e+00	0.00000e+00	-4.87833e-01	0.00000e+00	-1.76424e+00	
-8.18718e-02	0.00000e+00	5.08264e-02	0.00000e+00	5.76186e-03	0.00000e+00	-1.79284e-01	0.00000e+00	-4.81403e-01	0.00000e+00	-1.62532e+00	
-7.90644e-02	-0.00000e+00	-2.65133e-01	0.00000e+00	-1.28274e-01	0.00000e+00	8.12801e-02	0.00000e+00	-1.17955e-01	0.00000e+00	1.49781e-02	-1.26247e+00	
0.00000e+00	8.51053e-02	0.00000e+00	-2.03910e-01	0.00000e+00	-5.78387e-02	-0.00000e+00	0.00000e+00	0.00000e+00	0.00000e+00	0.00000e+00	0.00000e+00	-1.26077e+00	
1.08140e-02	-0.00000e+00	-1.28274e-01	0.00000e+00	-2.10101e-01	0.00000e+00	1.94349e-01	0.00000e+00	1.49781e-02	0.00000e+00	-9.25257e-02	-5.02811e-01	0.00000e+00	-1.57507e+00	
0.00000e+00	-7.10578e-02	0.00000e+00	-7.74476e-02	0.00000e+00	-2.04340e-01	-0.00000e+00	0.00000e+00	0.00000e+00	0.00000e+00	0.00000e+00	0.00000e+00	-4.66425e-01	0.00000e+00	-1.62120e+00	
6.12236e-02	0.00000e+00	2.72960e-01	0.00000e+00	1.05007e-01	0.00000e+00	1.17955e-01	-0.00000e+00	2.39415e-02	0.00000e+00	1.33750e-01	-8.66167e-02	0.00000e+00	-1.33750e-01	0.00000e+00	-2.00292e+00	
0.00000e+00	0.00000e+00	-0.00000e+00	0.00000e+00	0.00000e+00	0.00000e+00	0.00000e+00	2.79588e-01	0.00000e+00	-4.07777e-02	0.00000e+00	-0.00000e+00	0.00000e+00	0.00000e+00	0.00000e+00	0.00000e+00	-2.75514e+00	
5.08264e-02	0.00000e+00	-2.78240e-02	0.00000e+00	3.61009e-02	0.00000e+00	-1.49781e-02	-0.00000e+00	1.33750e-01	0.00000e+00	-4.22617e-02	1.30773e-01	0.00000e+00	1.48391e-03	0.00000e+00	-3.30311e-01	0.00000e+00	-2.49771e+00	
-7.04353e-02	0.00000e+00	-1.05007e-01	-0.00000e+00	-1.90658e-01	0.00000e+00	1.49781e-02	0.00000e+00	1.45838e-01	0.00000e+00	1.48391e-03	1.33750e-01	-0.00000e+00	2.04136e-02	0.00000e+00	3.51719e-01	0.00000e+00	-2.11042e-01	-2.42445e+00	
0.00000e+00	-1.96089e-02	0.00000e+00	-1.32832e-01	0.00000e+00	-1.54557e-01	0.00000e+00	0.00000e+00	-0.00000e+00	0.00000e+00	0.00000e+00	0.00000e+00	2.64523e-01	0.00000e+00	2.18975e-02	-0.00000e+00	0.00000e+00	0.00000e+00	0.00000e+00	-2.58910e+00	
5.76186e-03	0.00000e+00	3.61009e-02	0.00000e+00	-7.57055e-02	0.00000e+00	9.25257e-02	0.00000e+00	-1.48391e-03	-0.00000e+00	-1.88147e-01	1.48391e-03	0.00000e+00	1.73082e-01	0.00000e+00	2.11042e-01	-0.00000e+00	-4.45197e-01	4.23789e-01	0.00000e+00	-2.81984e+00	
0.00000e+00	1.79651e-01	-0.00000e+00	7.90644e-02	-0.00000e+00	-1.08140e-02	0.00000e+00	0.00000e+00	0.00000e+00	0.00000e+00	0.00000e+00	-0.00000e+00	6.26752e-02	-0.00000e+00	1.50648e-02	0.00000e+00	0.00000e+00	0.00000e+00	0.00000e+00	0.00000e+00	0.00000e+00	-3.26139e-01	
-8.51053e-02	-0.00000e+00	2.03910e-01	-0.00000e+00	5.78387e-02	-0.00000e+00	-6.26752e-02	0.00000e+00	-1.19652e-01	0.00000e+00	-2.14082e-02	-9.66509e-02	0.00000e+00	0.00000e+00	0.00000e+00	6.26752e-02	-0.00000e+00	1.50648e-02	0.00000e+00	0.00000e+00	0.00000e+00	0.00000e+00	-1.26077e+00	
0.00000e+00	7.90644e-02	-0.00000e+00	2.65133e-01	-0.00000e+00	1.28274e-01	0.00000e+00	0.00000e+00	0.00000e+00	0.00000e+00	0.00000e+00	0.00000e+00	-9.66509e-02	0.00000e+00	0.00000e+00	0.00000e+00	0.00000e+00	0.00000e+00	-0.00000e+00	1.50648e-02	0.00000e+00	-8.12801e-02	0.00000e+00	-1.26247e+00	
7.10578e-02	-0.00000e+00	7.74476e-02	-0.00000e+00	2.04340e-01	-0.00000e+00	-1.50648e-02	0.00000e+00	-2.14082e-02	0.00000e+00	-4.63930e-02	0.00000e+00	0.00000e+00	-9.66509e-02	0.00000e+00	0.00000e+00	0.00000e+00	0.00000e+00	-6.26752e-02	0.00000e+00	1.50648e-02	0.00000e+00	-4.66425e-01	0.00000e+00	-1.62120e+00	
0.00000e+00	-1.08140e-02	-0.00000e+00	1.28274e-01	-0.00000e+00	2.10101e-01	0.00000e+00	0.00000e+00	0.00000e+00	0.00000e+00	0.00000e+00	0.00000e+00	0.00000e+00	0.00000e+00	-9.66509e-02	0.00000e+00	0.00000e+00	0.00000e+00	0.00000e+00	-6.26752e-02	0.00000e+00	-1.94349e-01	0.00000e+00	-5.02811e-01	0.00000e+00	-1.57507e+00	
-0.00000e+00	-1.64170e-01	-0.00000e+00	-6.12236e-02	-0.00000e+00	-7.04353e-02	-0.00000e+00	0.00000e+00	0.00000e+00	0.00000e+00	0.00000e+00	0.00000e+00	-1.19652e-01	0.00000e+00	-2.14082e-02	-0.00000e+00	-0.00000e+00	-0.00000e+00	0.00000e+00	0.00000e+00	0.00000e+00	1.86048e-02	0.00000e+00	-1.17955e-01	0.00000e+00	1.49781e-02	-1.23947e+00	
-0.00000e+00	0.00000e+00	-0.00000e+00	-0.00000e+00	-0.00000e+00	-0.00000e+00	-0.00000e+00	0.00000e+00	0.00000e+00	0.00000e+00	0.00000e+00	0.00000e+00	0.00000e+00	0.00000e+00	0.00000e+00	0.00000e+00	0.00000e+00	0.00000e+00	-0.00000e+00	-0.00000e+00	0.00000e+00	-0.00000e+00	0.00000e+00	0.00000e+00	0.00000e+00	0.00000e+00	0.00000e+00	-1.47707e+00	
-0.00000e+00	8.18718e-02	-0.00000e+00	-5.08264e-02	-0.00000e+00	-5.76186e-03	-0.00000e+00	0.00000e+00	0.00000e+00	0.00000e+00	0.00000e+00	0.00000e+00	-2.14082e-02	0.00000e+00	-4.63930e-02	0.00000e+00	0.00000e+00	0.00000e+00	0.00000e+00	0.00000e+00	-0.00000e+00	1.79284e-01	0.00000e+00	1.49781e-02	0.00000e+00	-9.25257e-02	-4.81403e-01	0.00000e+00	-1.62532e+00	
-0.00000e+00	0.00000e+00	-0.00000e+00	-0.00000e+00	-0.00000e+00	-0.00000e+00	-0.00000e+00	0.00000e+00	0.00000e+00	0.00000e+00	0.00000e+00	0.00000e+00	0.00000e+00	0.00000e+00	0.00000e+00	0.00000e+00	0.00000e+00	0.00000e+00	0.00000e+00	0.00000e+00	0.00000e+00	-0.00000e+00	0.00000e+00	0.00000e+00	0.00000e+00	0.00000e+00	0.00000e+00	-4.87833e-01	0.00000e+00	-1.76424e+00	
-0.00000e+00	6.12236e-02	0.00000e+00	2.72960e-01	-0.00000e+00	1.05007e-01	0.00000e+00	-0.00000e+00	0.00000e+00	0.00000e+00	0.00000e+00	-0.00000e+00	-6.26752e-02	0.00000e+00	0.00000e+00	0.00000e+00	0.00000e+00	0.00000e+00	-0.00000e+00	2.14082e-02	0.00000e+00	1.17955e-01	-0.00000e+00	8.66167e-02	0.00000e+00	1.33750e-01	-2.39415e-02	0.00000e+00	-1.33750e-01	0.00000e+00	-2.00292e+00	
1.96089e-02	-0.00000e+00	1.32832e-01	-0.00000e+00	1.54557e-01	-0.00000e+00	0.00000e+00	-0.00000e+00	0.00000e+00	0.00000e+00	0.00000e+00	1.50648e-02	0.00000e+00	-6.26752e-02	0.00000e+00	-2.14082e-02	0.00000e+00	-4.63930e-02	-1.19652e-01	0.00000e+00	2.14082e-02	0.00000e+00	2.64523e-01	0.00000e+00	2.18975e-02	0.00000e+00	-0.00000e+00	0.00000e+00	0.00000e+00	0.00000e+00	0.00000e+00	-2.58910e+00	
-0.00000e+00	7.04353e-02	0.00000e+00	1.05007e-01	-0.00000e+00	1.90658e-01	0.00000e+00	-0.00000e+00	0.00000e+00	0.00000e+00	0.00000e+00	-0.00000e+00	0.00000e+00	0.00000e+00	-6.26752e-02	0.00000e+00	0.00000e+00	0.00000e+00	0.00000e+00	-1.19652e-01	0.00000e+00	-1.49781e-02	-0.00000e+00	1.33750e-01	0.00000e+00	2.04136e-02	1.45838e-01	0.00000e+00	1.48391e-03	0.00000e+00	-3.51719e-01	0.00000e+00	-2.42445e+00	
-0.00000e+00	-5.08264e-02	-0.00000e+00	2.78240e-02	-0.00000e+00	-3.61009e-02	0.00000e+00	0.00000e+00	-0.00000e+00	0.00000e+00	0.00000e+00	0.00000e+00	1.50648e-02	0.00000e+00	0.00000e+00	-0.00000e+00	0.00000e+00	0.00000e+00	0.00000e+00	-4.63930e-02	-0.00000e+00	1.49781e-02	0.00000e+00	1.30773e-01	0.00000e+00	1.48391e-03	1.33750e-01	-0.00000e+00	-4.22617e-02	0.00000e+00	3.30311e-01	0.00000e+00	-2.11042e-01	-2.49771e+00	
-0.00000e+00	-0.00000e+00	-0.00000e+00	0.00000e+00	-0.00000e+00	-0.00000e+00	0.00000e+00	0.00000e+00	-0.00000e+00	0.00000e+00	0.00000e+00	0.00000e+00	-0.00000e+00	0.00000e+00	0.00000e+00	-0.00000e+00	0.00000e+00	0.00000e+00	0.00000e+00	0.00000e+00	0.00000e+00	0.00000e+00	0.00000e+00	-0.00000e+00	0.00000e+00	0.00000e+00	0.00000e+00	2.79588e-01	0.00000e+00	-4.07777e-02	-0.00000e+00	0.00000e+00	0.00000e+00	0.00000e+00	-2.75514e+00	
-0.00000e+00	5.76186e-03	-0.00000e+00	3.61009e-02	0.00000e+00	-7.57055e-02	0.00000e+00	0.00000e+00	0.00000e+00	-0.00000e+00	0.00000e+00	0.00000e+00	0.00000e+00	-0.00000e+00	-1.50648e-02	0.00000e+00	-0.00000e+00	0.00000e+00	-0.00000e+00	-2.14082e-02	0.00000e+00	9.25257e-02	0.00000e+00	-1.48391e-03	-0.00000e+00	-1.73082e-01	1.48391e-03	0.00000e+00	1.88147e-01	0.00000e+00	2.11042e-01	-0.00000e+00	-4.23789e-01	4.45197e-01	0.00000e+00	-2.81984e+00	
-6.26752e-02	-0.00000e+00	9.66509e-02	0.00000e+00	0.00000e+00	0.00000e+00	-1.00003e-01	-0.00000e+00	-6.12236e-02	-0.00000e+00	-7.04353e-02	-1.79788e-01	0.00000e+00	-5.78387e-02	0.00000e+00	7.90644e-02	-0.00000e+00	-1.08140e-02	0.00000e+00	0.00000e+00	0.00000e+00	0.00000e+00	2.41012e-01	-0.00000e+00	1.28274e-01	-0.00000e+00	0.00000e+00	0.00000e+00	0.00000e+00	0.00000e+00	-0.00000e+00	1.08140e-02	-0.00000e+00	0.00000e+00	0.00000e+00	0.00000e+00	-1.48522e+00	
0.00000e+00	-6.26752e-02	0.00000e+00	9.66509e-02	0.00000e+00	0.00000e+00	0.00000e+00	-0.00000e+00	-0.00000e+00	-0.00000e+00	-0.00000e+00	0.00000e+00	-2.41012e-01	0.00000e+00	-1.28274e-01	0.00000e+00	0.00000e+00	0.00000e+00	-0.00000e+00	-1.08140e-02	0.00000e+00	-1.00003e-01	-0.00000e+00	1.79788e-01	-0.00000e+00	5.78387e-02	6.12236e-02	0.00000e+00	7.04353e-02	0.00000e+00	7.90644e-02	0.00000e+00	0.00000e+00	1.08140e-02	-0.00000e+00	0.00000e+00	0.00000e+00	-1.48522e+00	
-1.50648e-02	-0.00000e+00	0.00000e+00	0.00000e+00	9.66509e-02	0.00000e+00	1.07282e-01	-0.00000e+00	-5.08264e-02	-0.00000e+00	-5.76186e-03	-7.74476e-02	0.00000e+00	-1.80218e-01	0.00000e+00	0.00000e+00	0.00000e+00	0.00000e+00	-7.90644e-02	0.00000e+00	-1.08140e-02	0.00000e+00	1.28274e-01	-0.00000e+00	1.85980e-01	-0.00000e+00	0.00000e+00	0.00000e+00	0.00000e+00	0.00000e+00	0.00000e+00	7.90644e-02	0.00000e+00	0.00000e+00	0.00000e+00	-0.00000e+00	-5.12015e-01	0.00000e+00	-1.82795e+00	
0.00000e+00	-1.50648e-02	0.00000e+00	0.00000e+00	0.00000e+00	9.66509e-02	0.00000e+00	-0.00000e+00	-0.00000e+00	-0.00000e+00	-0.00000e+00	0.00000e+00	-1.28274e-01	0.00000e+00	-1.85980e-01	0.00000e+00	0.00000e+00	0.00000e+00	0.00000e+00	-7.90644e-02	0.00000e+00	1.07282e-01	-0.00000e+00	7.74476e-02	-0.00000e+00	1.80218e-01	5.08264e-02	0.00000e+00	5.76186e-03	0.00000e+00	0.00000e+00	0.00000e+00	7.90644e-02	0.00000e+00	0.00000e+00	-1.08140e-02	0.00000e+00	-5.12015e-01	0.00000e+00	-1.82795e+00	
1.19652e-01	0.00000e+00	-6.26752e-02	0.00000e+00	0.00000e+00	0.00000e+00	6.12236e-02	0.00000e+00	2.08793e-01	-0.00000e+00	1.05007e-01	7.90644e-02	0.00000e+00	0.00000e+00	0.00000e+00	-2.65270e-01	0.00000e+00	-1.28274e-01	5.78387e-02	-0.00000e+00	0.00000e+00	-0.00000e+00	-2.87857e-01	-0.00000e+00	-1.05007e-01	-0.00000e+00	-0.00000e+00	0.00000e+00	0.00000e+00	0.00000e+00	0.00000e+00	7.04353e-02	0.00000e+00	-0.00000e+00	-0.00000e+00	0.00000e+00	-2.48842e-02	0.00000e+00	-1.33750e-01	0.00000e+00	-2.26316e+00	
0.00000e+00	0.00000e+00	-0.00000e+00	0.00000e+00	0.00000e+00	0.00000e+00	-0.00000e+00	1.58242e-01	-0.00000e+00	9.03900e-02	-0.00000e+00	-0.00000e+00	0.00000e+00	0.00000e+00	0.00000e+00	0.00000e+00	-2.04477e-01	0.00000e+00	0.00000e+00	0.00000e+00	-0.00000e+00	-0.00000e+00	0.00000e+00	-0.00000e+00	-0.00000e+00	-0.00000e+00	-0.00000e+00	0.00000e+00	0.00000e+00	0.00000e+00	0.00000e+00	0.00000e+00	0.00000e+00	0.00000e+00	0.00000e+00	-0.00000e+00	-0.00000e+00	0.00000e+00	0.00000e+00	0.00000e+00	0.00000e+00	-3.04381e+00	
2.14082e-02	0.00000e+00	-1.50648e-02	0.00000e+00	0.00000e+00	0.00000e+00	7.04353e-02	0.00000e+00	1.05007e-01	-0.00000e+00	1.26491e-01	-1.08140e-02	0.00000e+00	0.00000e+00	0.00000e+00	-1.28274e-01	0.00000e+00	-2.10238e-01	0.00000e+00	0.00000e+00	-5.78387e-02	-0.00000e+00	6.40485e-02	-0.00000e+00	-3.61009e-02	-0.00000e+00	-0.00000e+00	0.00000e+00	0.00000e+00	0.00000e+00	0.00000e+00	5.76186e-03	0.00000e+00	0.00000e+00	0.00000e+00	0.00000e+00	8.89984e-02	0.00000e+00	1.48391e-03	0.00000e+00	-3.75901e-01	0.00000e+00	-2.74025e+00	
-2.14082e-02	0.00000e+00	0.00000e+00	-0.00000e+00	6.26752e-02	0.00000e+00	-5.08264e-02	-0.00000e+00	5.32346e-02	-0.00000e+00	-3.61009e-02	0.00000e+00	-0.00000e+00	-7.90644e-02	0.00000e+00	7.74476e-02	0.00000e+00	0.00000e+00	-2.65700e-01	0.00000e+00	1.28274e-01	-0.00000e+00	1.05007e-01	0.00000e+00	2.05555e-01	-0.00000e+00	0.00000e+00	-0.00000e+00	0.00000e+00	0.00000e+00	-0.00000e+00	6.12236e-02	0.00000e+00	0.00000e+00	0.00000e+00	-0.00000e+00	1.33750e-01	-0.00000e+00	-4.13190e-02	0.00000e+00	3.60923e-01	0.00000e+00	-2.11042e-01	-2.71482e+00	
0.00000e+00	0.00000e+00	0.00000e+00	-1.50648e-02	0.00000e+00	6.26752e-02	-0.00000e+00	-0.00000e+00	0.00000e+00	-0.00000e+00	-0.00000e+00	0.00000e+00	-1.08140e-02	0.00000e+00	-7.90644e-02	-0.00000e+00	0.00000e+00	0.00000e+00	0.00000e+00	-2.71462e-01	0.00000e+00	1.96089e-02	-0.00000e+00	1.69056e-01	-0.00000e+00	1.69454e-01	0.00000e+00	-0.00000e+00	0.00000e+00	0.00000e+00	-5.08264e-02	0.00000e+00	6.12236e-02	5.76186e-03	0.00000e+00	7.04353e-02	0.00000e+00	2.22748e-01	0.00000e+00	-3.98350e-02	-0.00000e+00	0.00000e+00	0.00000e+00	0.00000e+00	-2.83333e+00	
4.63930e-02	0.00000e+00	0.00000e+00	0.00000e+00	-1.50648e-02	0.00000e+00	5.76186e-03	-0.00000e+00	3.61009e-02	0.00000e+00	-1.01116e-01	0.00000e+00	0.00000e+00	-1.08140e-02	0.00000e+00	0.00000e+00	-0.00000e+00	-7.74476e-02	1.28274e-01	0.00000e+00	-2.10668e-01	-0.00000e+00	-3.61009e-02	-0.00000e+00	1.11930e-01	-0.00000e+00	0.00000e+00	0.00000e+00	-0.00000e+00	0.00000e+00	0.00000e+00	-5.08264e-02	0.00000e+00	-0.00000e+00	0.00000e+00	0.00000e+00	1.48391e-03	0.00000e+00	1.31307e-01	0.00000e+00	2.11042e-01	-0.00000e+00	-4.54401e-01	4.69379e-01	0.00000e+00	-3.09251e+00	
0.00000e+00	1.19652e-01	-0.00000e+00	-6.26752e-02	0.00000e+00	0.00000e+00	0.00000e+00	-0.00000e+00	0.00000e+00	0.00000e+00	0.00000e+00	0.00000e+00	2.87857e-01	-0.00000e+00	1.05007e-01	0.00000e+00	0.00000e+00	0.00000e+00	-0.00000e+00	-7.04353e-02	0.00000e+00	6.12236e-02	-0.00000e+00	-7.90644e-02	0.00000e+00	0.00000e+00	-2.08793e-01	-0.00000e+00	-1.05007e-01	-0.00000e+00	-2.65270e-01	0.00000e+00	-5.78387e-02	1.28274e-01	-0.00000e+00	0.00000e+00	0.00000e+00	-2.48842e-02	-0.00000e+00	-1.33750e-01	0.00000e+00	0.00000e+00	0.00000e+00	-0.00000e+00	-1.49781e-02	0.00000e+00	-2.26316e+00	
0.00000e+00	0.00000e+00	1.50648e-02	0.00000e+00	-6.26752e-02	0.00000e+00	-1.96089e-02	-0.00000e+00	0.00000e+00	0.00000e+00	0.00000e+00	1.69056e-01	-0.00000e+00	1.69454e-01	-0.00000e+00	5.08264e-02	0.00000e+00	5.76186e-03	6.12236e-02	0.00000e+00	-7.04353e-02	0.00000e+00	-1.08140e-02	0.00000e+00	-7.90644e-02	0.00000e+00	0.00000e+00	-0.00000e+00	-0.00000e+00	-0.00000e+00	0.00000e+00	-2.71462e-01	0.00000e+00	0.00000e+00	0.00000e+00	-0.00000e+00	-2.22748e-01	-0.00000e+00	3.98350e-02	-0.00000e+00	1.49781e-02	0.00000e+00	-9.25257e-02	-1.17955e-01	0.00000e+00	-1.49781e-02	0.00000e+00	-2.83333e+00	
0.00000e+00	2.14082e-02	-0.00000e+00	0.00000e+00	0.00000e+00	-6.26752e-02	0.00000e+00	-0.00000e+00	0.00000e+00	0.00000e+00	0.00000e+00	0.00000e+00	1.05007e-01	-0.00000e+00	2.05555e-01	0.00000e+00	0.00000e+00	0.00000e+00	0.00000e+00	6.12236e-02	0.00000e+00	5.08264e-02	-0.00000e+00	0.00000e+00	0.00000e+00	-7.90644e-02	5.32346e-02	-0.00000e+00	-3.61009e-02	-0.00000e+00	-7.74476e-02	0.00000e+00	-2.65700e-01	0.00000e+00	0.00000e+00	-1.28274e-01	0.00000e+00	-1.33750e-01	-0.00000e+00	4.13190e-02	0.00000e+00	0.00000e+00	0.00000e+00	0.00000e+00	-1.17955e-01	0.00000e+00	-3.60923e-01	0.00000e+00	-2.71482e+00	
0.00000e+00	-2.14082e-02	0.00000e+00	1.50648e-02	0.00000e+00	0.00000e+00	0.00000e+00	0.00000e+00	-0.00000e+00	0.00000e+00	0.00000e+00	-0.00000e+00	6.40485e-02	-0.00000e+00	-3.61009e-02	-0.00000e+00	0.00000e+00	0.00000e+00	0.00000e+00	5.76186e-03	-0.00000e+00	-7.04353e-02	0.00000e+00	-1.08140e-02	0.00000e+00	0.00000e+00	1.05007e-01	0.00000e+00	1.26491e-01	-0.00000e+00	1.28274e-01	0.00000e+00	0.00000e+00	-2.10238e-01	0.00000e+00	5.78387e-02	-0.00000e+00	-8.89984e-02	-0.00000e+00	-1.48391e-03	-0.00000e+00	0.00000e+00	0.00000e+00	0.00000e+00	-9.25257e-02	-0.00000e+00	3.75901e-01	0.00000e+00	-2.11042e-01	-2.74025e+00	
0.00000e+00	0.00000e+00	0.00000e+00	-0.00000e+00	0.00000e+00	0.00000e+00	0.00000e+00	0.00000e+00	-0.00000e+00	0.00000e+00	0.00000e+00	-0.00000e+00	0.00000e+00	-0.00000e+00	-0.00000e+00	-0.00000e+00	0.00000e+00	0.00000e+00	0.00000e+00	0.00000e+00	0.00000e+00	0.00000e+00	0.00000e+00	-0.00000e+00	0.00000e+00	0.00000e+00	-0.00000e+00	1.58242e-01	-0.00000e+00	9.03900e-02	-0.00000e+00	0.00000e+00	0.00000e+00	0.00000e+00	-2.04477e-01	0.00000e+00	-0.00000e+00	0.00000e+00	-0.00000e+00	-0.00000e+00	-0.00000e+00	0.00000e+00	0.00000e+00	0.00000e+00	0.00000e+00	0.00000e+00	-0.00000e+00	0.00000e+00	0.00000e+00	0.00000e+00	-3.04381e+00	
0.00000e+00	4.63930e-02	0.00000e+00	0.00000e+00	-0.00000e+00	-1.50648e-02	0.00000e+00	0.00000e+00	0.00000e+00	-0.00000e+00	0.00000e+00	-0.00000e+00	3.61009e-02	0.00000e+00	-1.11930e-01	0.00000e+00	-0.00000e+00	0.00000e+00	-0.00000e+00	5.08264e-02	0.00000e+00	5.76186e-03	0.00000e+00	0.00000e+00	-0.00000e+00	1.08140e-02	-3.61009e-02	-0.00000e+00	1.01116e-01	-0.00000e+00	0.00000e+00	-0.00000e+00	-1.28274e-01	7.74476e-02	0.00000e+00	-2.10668e-01	-0.00000e+00	1.48391e-03	0.00000e+00	1.31307e-01	0.00000e+00	-0.00000e+00	0.00000e+00	-0.00000e+00	1.49781e-02	0.00000e+00	2.11042e-01	-0.00000e+00	-4.69379e-01	4.54401e-01	0.00000e+00	-3.09251e+00	
0.00000e+00	0.00000e+00	-2.14082e-02	-0.00000e+00	1.19652e-01	0.00000e+00	0.00000e+00	0.00000e+00	1.96089e-02	0.00000e+00	0.00000e+00	5.08264e-02	-0.00000e+00	-6.12236e-02	0.00000e+00	1.15008e-01	-0.00000e+00	-3.61009e-02	-2.78244e-01	0.00000e+00	1.05007e-01	0.00000e+00	-7.04353e-02	-0.00000e+00	6.12236e-02	0.00000e+00	0.00000e+00	-0.00000e+00	0.00000e+00	0.00000e+00	0.00000e+00	3.14345e-01	-0.00000e+00	0.00000e+00	0.00000e+00	-0.00000e+00	1.49781e-02	-0.00000e+00	1.17955e-01	0.00000e+00	-1.74237e-01	-0.00000e+00	-1.48391e-03	6.53865e-02	0.00000e+00	-1.33750e-01	0.00000e+00	-6.39026e-02	-0.00000e+00	0.00000e+00	0.00000e+00	-0.00000e+00	-3.54732e+00	
0.00000e+00	0.00000e+00	0.00000e+00	-2.14082e-02	0.00000e+00	1.19652e-01	0.00000e+00	0.00000e+00	-0.00000e+00	0.00000e+00	0.00000e+00	0.00000e+00	7.04353e-02	0.00000e+00	-6.12236e-02	0.00000e+00	-0.00000e+00	-0.00000e+00	0.00000e+00	-3.14345e-01	0.00000e+00	0.00000e+00	0.00000e+00	-5.08264e-02	0.00000e+00	6.12236e-02	-1.96089e-02	-0.00000e+00	0.00000e+00	0.00000e+00	1.15008e-01	-0.00000e+00	2.78244e-01	3.61009e-02	0.00000e+00	1.05007e-01	0.00000e+00	1.49781e-02	0.00000e+00	1.17955e-01	0.00000e+00	-0.00000e+00	-0.00000e+00	0.00000e+00	6.39026e-02	0.00000e+00	-1.74237e-01	-0.00000e+00	-6.53865e-02	1.48391e-03	0.00000e+00	-1.33750e-01	0.00000e+00	-3.54732e+00	
0.00000e+00	0.00000e+00	4.63930e-02	0.00000e+00	-2.14082e-02	0.00000e+00	0.00000e+00	0.00000e+00	0.00000e+00	-0.00000e+00	-1.96089e-02	-5.76186e-03	0.00000e+00	7.04353e-02	0.00000e+00	3.61009e-02	0.00000e+00	-1.62890e-01	1.05007e-01	0.00000e+00	-1.95943e-01	0.00000e+00	5.76186e-03	0.00000e+00	-5.08264e-02	0.00000e+00	0.00000e+00	0.00000e+00	-0.00000e+00	0.00000e+00	-0.00000e+00	5.78823e-02	-0.00000e+00	-0.00000e+00	0.00000e+00	0.00000e+00	9.25257e-02	0.00000e+00	1.49781e-02	0.00000e+00	1.48391e-03	0.00000e+00	2.16546e-01	-1.33750e-01	0.00000e+00	-8.16651e-04	-0.00000e+00	-8.27961e-02	-0.00000e+00	-0.00000e+00	0.00000e+00	0.00000e+00	3.18287e-01	0.00000e+00	-4.03395e+00	
0.00000e+00	0.00000e+00	0.00000e+00	4.63930e-02	-0.00000e+00	-2.14082e-02	0.00000e+00	0.00000e+00	0.00000e+00	-0.00000e+00	0.00000e+00	0.00000e+00	-5.76186e-03	-0.00000e+00	5.08264e-02	0.00000e+00	-0.00000e+00	0.00000e+00	0.00000e+00	-5.78823e-02	0.00000e+00	0.00000e+00	0.00000e+00	5.76186e-03	-0.00000e+00	-7.04353e-02	0.00000e+00	0.00000e+00	1.96089e-02	0.00000e+00	3.61009e-02	-0.00000e+00	-1.05007e-01	1.62890e-01	-0.00000e+00	-1.95943e-01	0.00000e+00	9.25257e-02	-0.00000e+00	1.49781e-02	0.00000e+00	-0.00000e+00	0.00000e+00	0.00000e+00	8.27961e-02	0.00000e+00	1.48391e-03	-0.00000e+00	1.33750e-01	-2.16546e-01	-0.00000e+00	-8.16651e-04	0.00000e+00	3.18287e-01	0.00000e+00	-4.03395e+00	


LAPACK took 2.03000e-04ms to get eigenvalues (return value 0 ).
-4.33713e+00
-4.33713e+00
-3.80745e+00
-3.80745e+00
-3.58316e+00
-3.58316e+00
-3.20718e+00
-3.20718e+00
-3.20718e+00
-3.20718e+00
-3.11104e+00
-3.11104e+00
-2.97692e+00
-2.97692e+00
-2.91217e+00
-2.91217e+00
-2.67250e+00
-2.67250e+00
-2.67250e+00
-2.67250e+00
-2.48440e+00
-2.48440e+00
-2.43754e+00
-2.43754e+00
-2.22088e+00
-2.22088e+00
-2.08657e+00
-2.08657e+00
-2.08657e+00
-2.08657e+00
-2.03764e+00
-2.03764e+00
-1.70747e+00
-1.70747e+00
-1.64647e+00
-1.64647e+00
-1.42810e+00
-1.42810e+00
-1.13954e+00
-1.13954e+00
-1.07402e+00
-1.07402e+00
-1.07402e+00
-1.07402e+00
-9.66281e-01
-9.66281e-01
-9.13323e-01
-9.13323e-01
-7.88269e-01
-7.88269e-01
-3.98020e-01
-3.98020e-01
-3.39677e-01
-3.39677e-01
1.54626e-01
1.54626e-01
Making matrix and getting eigenvalues took 4.77100e-03s to get eigenvalues.

Eigenvalues( 56 ) :
 --------- 
-4.3371308283e+00
-4.3371308283e+00
-3.8074537219e+00
-3.8074537219e+00
-3.5831558552e+00
-3.5831558552e+00
-3.2071827449e+00
-3.2071827449e+00
-3.2071827449e+00
-3.2071827449e+00
-3.1110359366e+00
-3.1110359366e+00
-2.9769213444e+00
-2.9769213444e+00
-2.9121668673e+00
-2.9121668673e+00
-2.6724988769e+00
-2.6724988769e+00
-2.6724988769e+00
-2.6724988769e+00
-2.4844022378e+00
-2.4844022378e+00
-2.4375358924e+00
-2.4375358924e+00
-2.2208844392e+00
-2.2208844392e+00
-2.0865748176e+00
-2.0865748176e+00
-2.0865748176e+00
-2.0865748176e+00
-2.0376429709e+00
-2.0376429709e+00
-1.7074743254e+00
-1.7074743254e+00
-1.6464715035e+00
-1.6464715035e+00
-1.4280955977e+00
-1.4280955977e+00
-1.1395411057e+00
-1.1395411057e+00
-1.0740161788e+00
-1.0740161788e+00
-1.0740161788e+00
-1.0740161788e+00
-9.6628092417e-01
-9.6628092417e-01
-9.1332315618e-01
-9.1332315618e-01
-7.8826903917e-01
-7.8826903917e-01
-3.9801984305e-01
-3.9801984305e-01
-3.3967674883e-01
-3.3967674883e-01
1.5462641198e-01
1.5462641198e-01
